311111
311119
311211
311212
311221
311222
311225
311230
311312
311313
311340
311411
311412
311421
311422
311423
311511
311513
311514
311611
311612
311613
311615
311712
311812
311813
31182
311919
311920
311930
311941
311942
311991
311999
312111
312120
312130
312140
312221
313111
313210
313230
313241
313249
313311
313320
3141
316110
321113
321211
321212
321213
321219
321911
321912
321918
321920
321992
321999
322110
322121
322122
322130
322211
322221
322222
322291
323110
323111
323112
323117
323119
324110
324122
324191
324199
325110
325120
325131
325132
325181
325182
325188
325191
325192
325193
325199
325211
325212
325222
325311
325312
325314
325320
325411
325412
325414
325510
325520
325611
325612
325613
325620
325910
325920
325991
325992
325998
326111
326112
326113
326121
326122
326130
326140
326150
326191
326199
326211
326220
326291
326299
327112
327113
327121
327125
327211
327212
327213
327215
327310
327320
327331
327390
327410
327420
327910
327991
327992
327993
331111
331112
331210
331221
331222
331311
331312
331314
331315
331316
331411
331419
331421
331491
331492
331511
331512
331513
331521
331522
331524
331525
332111
332112
332114
332115
332116
332212
332312
332321
332322
332410
332420
332431
332439
332510
332710
332721
332722
332811
332812
332813
332911
332912
332919
332991
332996
332998
332999
333111
333120
333132
3332
333415
3335
333611
333618
33391
33392
333995
333996
333999
3341
3342
334412
334413
334418
334419
334510
334511
335110
335129
335222
335228
3353
335911
335931
335991
335999
336111
336112
336120
336211
336213
336311
336312
336321
336322
336330
336340
336350
336370
336391
336399
336411
336412
336413
336414
336415
336510
336611
336612
337110
337122
337211
337212
337214
339112
339113
339114
339991
339993
339999
311213
311223
311311
311320
311330
311512
311520
311711
311830
311911
312112
312210
312229
313112
313221
313312
314992
314999
31621
3169
321114
321991
322212
322214
322215
322223
322224
322225
322226
322232
322299
323113
323115
323116
323121
323122
324121
325221
325413
326160
326192
326212
327111
327122
327124
327332
327999
331319
331422
331423
331528
332117
332211
332213
332214
332311
332313
332323
332618
332913
332992
332993
332994
332995
333112
333131
333314
333315
333319
333411
333412
333414
333612
333613
333991
333992
333993
333994
334310
334411
334414
334415
334417
334512
334513
334514
334515
334516
334517
334519
334612
334613
335122
335211
335221
335224
335912
33592
335932
336212
336214
336360
336419
336991
336992
336999
337121
337124
337125
337127
337129
337215
3379
339111
339115
339911
339913
339914
339920
33993
339941
339942
339944
339950
339992
339994
